Map from character to field name
A:	American Samoa
B:	Angola
C:	Argentina
D:	Australia
E:	Bangladesh
F:	Brazil
G:	Cambodia
H:	Cape Verde
I:	China
J:	Colombia
K:	Cuba
L:	Dominican Republic
M:	Ecuador
N:	El Salvador
O:	Fiji
P:	France
Q:	French Guiana
R:	French Polynesia
S:	Guatemala
T:	Haiti
U:	Honduras
V:	India
W:	Jamaica
X:	Japan
Y:	Kenya
Z:	Martinique
[:	Mexico
\:	Nicaragua
]:	Panama
^:	Peru
_:	Saint Barthelemy
`:	Seychelles
a:	Singapore
b:	Suriname
c:	Thailand
d:	Trinidad and Tobago
e:	USA
f:	USVI
g:	Venezuela
h:	Vietnam
i:	?


Substitution rate (mu): 174.659859

Equilibrium frequencies (pi_i):
  A: 0.0261
  B: 0.0247
  C: 0.0252
  D: 0.0263
  E: 0.0254
  F: 0.0222
  G: 0.0254
  H: 0.0247
  I: 0.0278
  J: 0.023
  K: 0.0251
  L: 0.021
  M: 0.0257
  N: 0.0256
  O: 0.0263
  P: 0.0254
  Q: 0.0263
  R: 0.024
  S: 0.0256
  T: 0.0254
  U: 0.0202
  V: 0.0256
  W: 0.0261
  X: 0.026
  Y: 0.0263
  Z: 0.0243
  [: 0.024
  \: 0.022
  ]: 0.0258
  ^: 0.0257
  _: 0.0247
  `: 0.0261
  a: 0.0251
  b: 0.0234
  c: 0.0276
  d: 0.0252
  e: 0.0257
  f: 0.0259
  g: 0.0237
  h: 0.0254

Symmetrized rates from j->i (W_ij):
	A	B	C	D	E	F	G	H	I	J	K	L	M	N	O	P	Q	R	S	T	U	V	W	X	Y	Z	[	\	]	^	_	`	a	b	c	d	e	f	g	h
  A	0	0.9612	0.9614	1.1655	0.9612	0.9573	0.9612	0.9612	2.4094	0.9596	0.9601	0.9605	0.9612	0.9613	1.1436	0.9612	0.9613	1.3636	0.9612	0.9611	0.9605	0.9612	0.9613	0.9613	0.9612	0.9612	0.9598	0.9595	0.9611	0.9612	0.9613	0.9614	0.9603	0.9612	0.9591	0.9614	0.9586	0.9612	0.9614	0.9612
  B	0.9612	0	0.9613	0.9614	0.9611	1.4386	0.9612	0.9612	0.9611	0.9597	0.9601	0.9605	0.9611	0.9612	0.9614	0.9612	0.9612	0.961	0.9612	0.9611	0.9605	0.9611	0.9612	0.9612	0.9611	0.9612	0.9599	0.9596	0.9611	0.9612	0.9612	0.9613	0.9603	0.9611	0.959	0.9613	0.9587	0.9611	0.9613	0.9611
  C	0.9614	0.9613	0	0.9615	0.9613	1.3048	0.9613	0.9613	0.9612	0.9598	0.9602	0.9607	0.9613	0.9613	0.9615	0.9613	0.9614	0.9612	0.9613	0.9613	0.9606	0.9613	0.9614	0.9613	0.9613	0.9613	0.96	0.9597	0.9612	0.9613	0.9614	0.9615	0.9604	0.9613	0.9592	1.323	0.959	0.9613	0.9616	0.9612
  D	1.1655	0.9614	0.9615	0	0.9614	0.9573	0.9614	0.9614	0.9615	0.9598	0.9602	0.9606	0.9614	0.9614	1.3628	0.9614	0.9614	1.1707	0.9614	0.9613	0.9606	0.9614	0.9614	0.9614	0.9613	0.9614	0.96	0.9596	0.9613	0.9614	0.9614	0.9616	0.9604	0.9613	0.9592	0.9615	0.9588	0.9613	0.9615	0.9613
  E	0.9612	0.9611	0.9613	0.9614	0	0.9572	0.9657	0.9611	0.961	0.9596	0.96	0.9605	0.9611	0.9612	0.9613	0.9612	0.9612	0.961	0.9611	0.9611	0.9605	0.9613	0.9612	0.9612	0.9611	0.9611	0.9598	0.9595	0.9611	0.9612	0.9612	0.9614	0.9602	0.9611	1.4388	0.9613	0.9586	0.9611	0.9613	0.9611
  F	0.9573	1.4386	1.3048	0.9573	0.9572	0	0.9572	1.4383	1.0441	1.9198	1.6125	1.5722	0.9571	0.9572	0.9573	0.9572	0.9613	1.4387	0.9573	1.4376	0.9591	0.9571	0.9574	0.9572	0.957	0.9574	1.1411	1.6062	0.9571	0.9572	1.4373	0.9572	1.4355	1.9166	0.955	1.2877	2.97	0.965	2.2019	0.9571
  G	0.9612	0.9612	0.9613	0.9614	0.9657	0.9572	0	0.9612	0.9611	0.9596	0.96	0.9605	0.9612	0.9612	0.9614	0.9612	0.9612	0.9611	0.9612	0.9611	0.9605	0.9613	0.9612	0.9612	0.9612	0.9612	0.9599	0.9595	0.9611	0.9612	0.9612	0.9615	0.9603	0.9611	1.4529	0.9613	0.9587	0.9612	0.9613	0.9611
  H	0.9612	0.9612	0.9613	0.9614	0.9611	1.4383	0.9612	0	0.9611	0.9597	0.9601	0.9605	0.9612	0.9612	0.9614	0.9612	0.9612	0.961	0.9612	0.9611	0.9605	0.9611	0.9612	0.9612	0.9611	0.9612	0.9599	0.9596	0.9611	0.9612	0.9612	0.9613	0.9603	0.9611	0.959	0.9613	0.9587	0.9611	0.9613	0.9611
  I	2.4094	0.9611	0.9612	0.9615	0.961	1.0441	0.9611	0.9611	0	0.9595	1.0379	0.9606	0.961	0.9611	0.9615	0.9611	0.9611	0.9612	0.9611	0.961	0.9604	0.9612	0.9611	0.9611	0.961	0.9611	0.9596	0.9593	0.961	0.9611	0.9611	0.9614	0.9601	0.9611	1.4458	0.9612	0.9584	0.961	2.1115	0.961
  J	0.9596	0.9597	0.9598	0.9598	0.9596	1.9198	0.9596	0.9597	0.9595	0	1.4394	1.4409	1.4419	0.9597	0.9598	0.9597	0.9596	0.9596	0.9596	2.4227	0.9594	0.9596	0.9597	0.9596	0.9595	1.4365	0.9645	0.9585	1.4428	1.442	0.9597	0.9598	0.9588	0.9597	0.9575	0.9598	1.4461	0.9596	1.4413	0.9596
  K	0.9601	0.9601	0.9602	0.9602	0.96	1.6125	0.96	0.9601	1.0379	1.4394	0	3.4756	0.96	0.96	0.9602	0.96	0.9673	0.96	0.96	1.1418	1.2265	0.96	0.9604	0.9601	0.9599	0.9601	0.9608	1.2263	0.9599	0.96	0.9606	0.9602	0.9592	1.4436	0.9578	0.9602	1.6299	0.9628	1.2181	0.9599
  L	0.9605	0.9605	0.9607	0.9606	0.9605	1.5722	0.9605	0.9605	0.9606	1.4409	3.4756	0	0.9605	0.9605	0.9606	0.9605	0.9605	0.9605	0.9605	1.8494	0.9603	0.9605	2.2861	1.4427	0.9604	0.9606	0.9598	0.9597	0.9604	0.9605	0.961	0.9606	0.9598	0.9607	0.9586	0.9607	3.2672	0.9605	1.286	0.9604
  M	0.9612	0.9611	0.9613	0.9614	0.9611	0.9571	0.9612	0.9612	0.961	1.4419	0.96	0.9605	0	0.9612	0.9614	0.9612	0.9612	0.961	0.9612	0.9611	0.9605	0.9611	0.9612	0.9612	0.9611	0.9612	0.9598	0.9595	0.9611	0.9612	0.9612	0.9614	0.9602	0.9611	0.959	0.9613	0.9586	0.9611	0.9613	0.9611
  N	0.9613	0.9612	0.9613	0.9614	0.9612	0.9572	0.9612	0.9612	0.9611	0.9597	0.96	0.9605	0.9612	0	0.9614	0.9612	0.9613	0.9611	0.9628	0.9611	0.9606	0.9612	0.9613	0.9613	0.9612	0.9612	0.9599	1.441	0.9611	0.9612	0.9612	0.9614	0.9603	0.9612	0.959	0.9613	0.9587	0.9612	0.9613	0.9611
  O	1.1436	0.9614	0.9615	1.3628	0.9613	0.9573	0.9614	0.9614	0.9615	0.9598	0.9602	0.9606	0.9614	0.9614	0	0.9614	0.9614	1.1488	0.9614	0.9613	0.9606	0.9614	0.9614	0.9614	0.9613	0.9614	0.96	0.9596	0.9613	0.9614	0.9614	0.9616	0.9604	0.9613	0.9592	0.9615	0.9588	0.9613	0.9615	0.9613
  P	0.9612	0.9612	0.9613	0.9614	0.9612	0.9572	0.9612	0.9612	0.9611	0.9597	0.96	0.9605	0.9612	0.9612	0.9614	0	0.9612	0.9611	0.9612	0.9611	0.9605	0.9613	0.9613	0.9612	0.9612	0.9612	0.9599	0.9595	0.9611	0.9612	0.9612	0.9615	0.9603	0.9611	1.4395	0.9613	0.9587	0.9612	0.9613	0.9611
  Q	0.9613	0.9612	0.9614	0.9614	0.9612	0.9613	0.9612	0.9612	0.9611	0.9596	0.9673	0.9605	0.9612	0.9613	0.9614	0.9612	0	0.9611	0.9612	0.9611	0.9605	0.9612	0.9613	0.9613	0.9612	0.9612	0.9598	0.9595	0.9611	0.9612	0.9613	0.9614	0.9603	1.4449	0.959	0.9613	0.9586	0.962	0.9613	0.9611
  R	1.3636	0.961	0.9612	1.1707	0.961	1.4387	0.9611	0.961	0.9612	0.9596	0.96	0.9605	0.961	0.9611	1.1488	0.9611	0.9611	0	0.961	0.9609	0.9604	0.9611	0.9611	0.9611	0.961	0.961	0.9598	0.9595	0.961	0.961	0.9611	0.9613	0.9602	0.961	1.4445	0.9612	0.9587	0.961	0.9612	0.9641
  S	0.9612	0.9612	0.9613	0.9614	0.9611	0.9573	0.9612	0.9612	0.9611	0.9596	0.96	0.9605	0.9612	0.9628	0.9614	0.9612	0.9612	0.961	0	0.9611	0.9607	0.9612	0.9612	0.9612	0.9611	0.9612	1.4417	2.4136	0.9611	0.9612	0.9612	0.9614	0.9602	0.9611	0.959	0.9613	0.9589	0.9611	0.9613	0.9611
  T	0.9611	0.9611	0.9613	0.9613	0.9611	1.4376	0.9611	0.9611	0.961	2.4227	1.1418	1.8494	0.9611	0.9611	0.9613	0.9611	0.9611	0.9609	0.9611	0	0.9604	0.9611	0.9612	0.9625	0.961	0.9611	0.9598	0.9595	0.961	0.9611	0.9611	0.9613	0.9602	0.9611	0.9589	0.9613	0.9603	0.961	0.9651	0.961
  U	0.9605	0.9605	0.9606	0.9606	0.9605	0.9591	0.9605	0.9605	0.9604	0.9594	1.2265	0.9603	0.9605	0.9606	0.9606	0.9605	0.9605	0.9604	0.9607	0.9604	0	0.9605	0.9606	0.9605	0.9604	0.9606	3.4203	6.6862	0.9604	0.9605	0.9605	0.9606	0.9598	0.9605	0.9587	0.9606	2.8376	0.9605	0.9607	0.9604
  V	0.9612	0.9611	0.9613	0.9614	0.9613	0.9571	0.9613	0.9611	0.9612	0.9596	0.96	0.9605	0.9611	0.9612	0.9614	0.9613	0.9612	0.9611	0.9612	0.9611	0.9605	0	0.9612	0.9612	1.4428	0.9611	0.9598	0.9595	0.9611	0.9612	0.9612	1.4059	0.9603	0.9611	1.4177	0.9613	0.9586	0.9611	0.9613	0.9612
  W	0.9613	0.9612	0.9614	0.9614	0.9612	0.9574	0.9612	0.9612	0.9611	0.9597	0.9604	2.2861	0.9612	0.9613	0.9614	0.9613	0.9613	0.9611	0.9612	0.9612	0.9606	0.9612	0	0.9613	0.9612	0.9612	0.9599	0.9596	0.9611	0.9612	0.9613	0.9614	0.9603	0.9612	0.959	0.9614	1.2051	0.9612	0.9614	0.9612
  X	0.9613	0.9612	0.9613	0.9614	0.9612	0.9572	0.9612	0.9612	0.9611	0.9596	0.9601	1.4427	0.9612	0.9613	0.9614	0.9612	0.9613	0.9611	0.9612	0.9625	0.9605	0.9612	0.9613	0	0.9612	0.9612	0.9598	0.9595	0.9611	0.9612	0.9612	0.9614	0.9603	0.9612	0.959	0.9613	0.9587	0.9612	0.9614	0.9611
  Y	0.9612	0.9611	0.9613	0.9613	0.9611	0.957	0.9612	0.9611	0.961	0.9595	0.9599	0.9604	0.9611	0.9612	0.9613	0.9612	0.9612	0.961	0.9611	0.961	0.9604	1.4428	0.9612	0.9612	0	0.9611	0.9598	0.9594	0.961	0.9611	0.9612	0.9617	0.9602	0.9611	0.9595	0.9613	0.9585	0.9611	0.9613	0.9611
  Z	0.9612	0.9612	0.9613	0.9614	0.9611	0.9574	0.9612	0.9612	0.9611	1.4365	0.9601	0.9606	0.9612	0.9612	0.9614	0.9612	0.9612	0.961	0.9612	0.9611	0.9606	0.9611	0.9612	0.9612	0.9611	0	1.4451	0.9597	0.9611	0.9612	0.9612	0.9613	0.9603	0.9611	0.9591	0.9613	1.444	0.9611	0.9613	0.9611
  [	0.9598	0.9599	0.96	0.96	0.9598	1.1411	0.9599	0.9599	0.9596	0.9645	0.9608	0.9598	0.9598	0.9599	0.96	0.9599	0.9598	0.9598	1.4417	0.9598	3.4203	0.9598	0.9599	0.9598	0.9598	1.4451	0	4.1676	0.9597	0.9598	0.9599	0.96	0.959	0.9599	0.9577	0.96	2.3478	0.9598	0.9601	0.9598
  \	0.9595	0.9596	0.9597	0.9596	0.9595	1.6062	0.9595	0.9596	0.9593	0.9585	1.2263	0.9597	0.9595	1.441	0.9596	0.9595	0.9595	0.9595	2.4136	0.9595	6.6862	0.9595	0.9596	0.9595	0.9594	0.9597	4.1676	0	0.9594	0.9595	0.9596	0.9596	0.9587	0.9597	0.9575	0.9597	1.9541	0.9595	0.9599	0.9594
  ]	0.9611	0.9611	0.9612	0.9613	0.9611	0.9571	0.9611	0.9611	0.961	1.4428	0.9599	0.9604	0.9611	0.9611	0.9613	0.9611	0.9611	0.961	0.9611	0.961	0.9604	0.9611	0.9611	0.9611	0.961	0.9611	0.9597	0.9594	0	0.9611	0.9611	0.9613	0.9602	0.961	0.9589	0.9612	0.9599	0.9611	0.9612	0.961
  ^	0.9612	0.9612	0.9613	0.9614	0.9612	0.9572	0.9612	0.9612	0.9611	1.442	0.96	0.9605	0.9612	0.9612	0.9614	0.9612	0.9612	0.961	0.9612	0.9611	0.9605	0.9612	0.9612	0.9612	0.9611	0.9612	0.9598	0.9595	0.9611	0	0.9612	0.9614	0.9603	0.9611	0.959	0.9613	0.9586	0.9611	0.9613	0.9611
  _	0.9613	0.9612	0.9614	0.9614	0.9612	1.4373	0.9612	0.9612	0.9611	0.9597	0.9606	0.961	0.9612	0.9612	0.9614	0.9612	0.9613	0.9611	0.9612	0.9611	0.9605	0.9612	0.9613	0.9612	0.9612	0.9612	0.9599	0.9596	0.9611	0.9612	0	0.9614	0.9603	0.9612	0.9591	0.9614	0.9588	0.9612	0.9614	0.9611
  `	0.9614	0.9613	0.9615	0.9616	0.9614	0.9572	0.9615	0.9613	0.9614	0.9598	0.9602	0.9606	0.9614	0.9614	0.9616	0.9615	0.9614	0.9613	0.9614	0.9613	0.9606	1.4059	0.9614	0.9614	0.9617	0.9613	0.96	0.9596	0.9613	0.9614	0.9614	0	0.9605	0.9613	1.05	0.9615	0.9588	0.9613	0.9615	0.9614
  a	0.9603	0.9603	0.9604	0.9604	0.9602	1.4355	0.9603	0.9603	0.9601	0.9588	0.9592	0.9598	0.9602	0.9603	0.9604	0.9603	0.9603	0.9602	0.9602	0.9602	0.9598	0.9603	0.9603	0.9603	0.9602	0.9603	0.959	0.9587	0.9602	0.9603	0.9603	0.9605	0	0.9603	1.4404	0.9604	0.9578	0.9602	0.9605	0.9602
  b	0.9612	0.9611	0.9613	0.9613	0.9611	1.9166	0.9611	0.9611	0.9611	0.9597	1.4436	0.9607	0.9611	0.9612	0.9613	0.9611	1.4449	0.961	0.9611	0.9611	0.9605	0.9611	0.9612	0.9612	0.9611	0.9611	0.9599	0.9597	0.961	0.9611	0.9612	0.9613	0.9603	0	0.9591	0.9613	0.9596	1.4429	0.9614	0.9611
  c	0.9591	0.959	0.9592	0.9592	1.4388	0.955	1.4529	0.959	1.4458	0.9575	0.9578	0.9586	0.959	0.959	0.9592	1.4395	0.959	1.4445	0.959	0.9589	0.9587	1.4177	0.959	0.959	0.9595	0.9591	0.9577	0.9575	0.9589	0.959	0.9591	1.05	1.4404	0.9591	0	0.9592	0.9562	0.9589	0.9593	1.4418
  d	0.9614	0.9613	1.323	0.9615	0.9613	1.2877	0.9613	0.9613	0.9612	0.9598	0.9602	0.9607	0.9613	0.9613	0.9615	0.9613	0.9613	0.9612	0.9613	0.9613	0.9606	0.9613	0.9614	0.9613	0.9613	0.9613	0.96	0.9597	0.9612	0.9613	0.9614	0.9615	0.9604	0.9613	0.9592	0	0.959	0.9613	0.9616	0.9612
  e	0.9586	0.9587	0.959	0.9588	0.9586	2.97	0.9587	0.9587	0.9584	1.4461	1.6299	3.2672	0.9586	0.9587	0.9588	0.9587	0.9586	0.9587	0.9589	0.9603	2.8376	0.9586	1.2051	0.9587	0.9585	1.444	2.3478	1.9541	0.9599	0.9586	0.9588	0.9588	0.9578	0.9596	0.9562	0.959	0	1.4405	0.9597	0.9586
  f	0.9612	0.9611	0.9613	0.9613	0.9611	0.965	0.9612	0.9611	0.961	0.9596	0.9628	0.9605	0.9611	0.9612	0.9613	0.9612	0.962	0.961	0.9611	0.961	0.9605	0.9611	0.9612	0.9612	0.9611	0.9611	0.9598	0.9595	0.9611	0.9611	0.9612	0.9613	0.9602	1.4429	0.9589	0.9613	1.4405	0	0.9613	0.9611
  g	0.9614	0.9613	0.9616	0.9615	0.9613	2.2019	0.9613	0.9613	2.1115	1.4413	1.2181	1.286	0.9613	0.9613	0.9615	0.9613	0.9613	0.9612	0.9613	0.9651	0.9607	0.9613	0.9614	0.9614	0.9613	0.9613	0.9601	0.9599	0.9612	0.9613	0.9614	0.9615	0.9605	0.9614	0.9593	0.9616	0.9597	0.9613	0	0.9612
  h	0.9612	0.9611	0.9612	0.9613	0.9611	0.9571	0.9611	0.9611	0.961	0.9596	0.9599	0.9604	0.9611	0.9611	0.9613	0.9611	0.9611	0.9641	0.9611	0.961	0.9604	0.9612	0.9612	0.9611	0.9611	0.9611	0.9598	0.9594	0.961	0.9611	0.9611	0.9614	0.9602	0.9611	1.4418	0.9612	0.9586	0.9611	0.9612	0

Actual rates from j->i (Q_ij):
	A	B	C	D	E	F	G	H	I	J	K	L	M	N	O	P	Q	R	S	T	U	V	W	X	Y	Z	[	\	]	^	_	`	a	b	c	d	e	f	g	h
  A	0	0.0251	0.0251	0.0305	0.0251	0.025	0.0251	0.0251	0.063	0.0251	0.0251	0.0251	0.0251	0.0251	0.0299	0.0251	0.0251	0.0356	0.0251	0.0251	0.0251	0.0251	0.0251	0.0251	0.0251	0.0251	0.0251	0.0251	0.0251	0.0251	0.0251	0.0251	0.0251	0.0251	0.0251	0.0251	0.025	0.0251	0.0251	0.0251
  B	0.0238	0	0.0238	0.0238	0.0238	0.0356	0.0238	0.0238	0.0238	0.0237	0.0237	0.0237	0.0238	0.0238	0.0238	0.0238	0.0238	0.0238	0.0238	0.0238	0.0237	0.0238	0.0238	0.0238	0.0238	0.0238	0.0237	0.0237	0.0238	0.0238	0.0238	0.0238	0.0237	0.0238	0.0237	0.0238	0.0237	0.0238	0.0238	0.0238
  C	0.0242	0.0242	0	0.0242	0.0242	0.0328	0.0242	0.0242	0.0242	0.0242	0.0242	0.0242	0.0242	0.0242	0.0242	0.0242	0.0242	0.0242	0.0242	0.0242	0.0242	0.0242	0.0242	0.0242	0.0242	0.0242	0.0242	0.0242	0.0242	0.0242	0.0242	0.0242	0.0242	0.0242	0.0241	0.0333	0.0241	0.0242	0.0242	0.0242
  D	0.0307	0.0253	0.0253	0	0.0253	0.0252	0.0253	0.0253	0.0253	0.0252	0.0253	0.0253	0.0253	0.0253	0.0358	0.0253	0.0253	0.0308	0.0253	0.0253	0.0253	0.0253	0.0253	0.0253	0.0253	0.0253	0.0252	0.0252	0.0253	0.0253	0.0253	0.0253	0.0253	0.0253	0.0252	0.0253	0.0252	0.0253	0.0253	0.0253
  E	0.0244	0.0244	0.0244	0.0244	0	0.0243	0.0245	0.0244	0.0244	0.0244	0.0244	0.0244	0.0244	0.0244	0.0244	0.0244	0.0244	0.0244	0.0244	0.0244	0.0244	0.0244	0.0244	0.0244	0.0244	0.0244	0.0244	0.0244	0.0244	0.0244	0.0244	0.0244	0.0244	0.0244	0.0366	0.0244	0.0244	0.0244	0.0244	0.0244
  F	0.0213	0.0319	0.029	0.0213	0.0213	0	0.0213	0.0319	0.0232	0.0426	0.0358	0.0349	0.0213	0.0213	0.0213	0.0213	0.0213	0.032	0.0213	0.0319	0.0213	0.0213	0.0213	0.0213	0.0213	0.0213	0.0253	0.0357	0.0213	0.0213	0.0319	0.0213	0.0319	0.0426	0.0212	0.0286	0.066	0.0214	0.0489	0.0213
  G	0.0244	0.0244	0.0244	0.0244	0.0245	0.0243	0	0.0244	0.0244	0.0243	0.0243	0.0244	0.0244	0.0244	0.0244	0.0244	0.0244	0.0244	0.0244	0.0244	0.0244	0.0244	0.0244	0.0244	0.0244	0.0244	0.0243	0.0243	0.0244	0.0244	0.0244	0.0244	0.0243	0.0244	0.0368	0.0244	0.0243	0.0244	0.0244	0.0244
  H	0.0238	0.0238	0.0238	0.0238	0.0238	0.0355	0.0238	0	0.0237	0.0237	0.0237	0.0237	0.0238	0.0238	0.0238	0.0238	0.0238	0.0237	0.0238	0.0237	0.0237	0.0238	0.0238	0.0238	0.0238	0.0238	0.0237	0.0237	0.0237	0.0238	0.0238	0.0238	0.0237	0.0238	0.0237	0.0238	0.0237	0.0238	0.0238	0.0237
  I	0.067	0.0267	0.0267	0.0267	0.0267	0.029	0.0267	0.0267	0	0.0267	0.0289	0.0267	0.0267	0.0267	0.0267	0.0267	0.0267	0.0267	0.0267	0.0267	0.0267	0.0267	0.0267	0.0267	0.0267	0.0267	0.0267	0.0267	0.0267	0.0267	0.0267	0.0267	0.0267	0.0267	0.0402	0.0267	0.0266	0.0267	0.0587	0.0267
  J	0.0221	0.0221	0.0221	0.0221	0.0221	0.0442	0.0221	0.0221	0.0221	0	0.0331	0.0332	0.0332	0.0221	0.0221	0.0221	0.0221	0.0221	0.0221	0.0557	0.0221	0.0221	0.0221	0.0221	0.0221	0.0331	0.0222	0.0221	0.0332	0.0332	0.0221	0.0221	0.0221	0.0221	0.022	0.0221	0.0333	0.0221	0.0332	0.0221
  K	0.0241	0.0241	0.0241	0.0241	0.0241	0.0405	0.0241	0.0241	0.0261	0.0362	0	0.0873	0.0241	0.0241	0.0241	0.0241	0.0243	0.0241	0.0241	0.0287	0.0308	0.0241	0.0241	0.0241	0.0241	0.0241	0.0241	0.0308	0.0241	0.0241	0.0241	0.0241	0.0241	0.0363	0.0241	0.0241	0.0409	0.0242	0.0306	0.0241
  L	0.0201	0.0201	0.0201	0.0201	0.0201	0.033	0.0201	0.0201	0.0201	0.0302	0.0729	0	0.0201	0.0201	0.0201	0.0201	0.0201	0.0201	0.0201	0.0388	0.0201	0.0201	0.0479	0.0303	0.0201	0.0201	0.0201	0.0201	0.0201	0.0201	0.0202	0.0201	0.0201	0.0201	0.0201	0.0201	0.0685	0.0201	0.027	0.0201
  M	0.0247	0.0247	0.0247	0.0247	0.0247	0.0246	0.0247	0.0247	0.0247	0.0371	0.0247	0.0247	0	0.0247	0.0247	0.0247	0.0247	0.0247	0.0247	0.0247	0.0247	0.0247	0.0247	0.0247	0.0247	0.0247	0.0247	0.0247	0.0247	0.0247	0.0247	0.0247	0.0247	0.0247	0.0247	0.0247	0.0247	0.0247	0.0247	0.0247
  N	0.0246	0.0246	0.0246	0.0246	0.0246	0.0245	0.0246	0.0246	0.0246	0.0246	0.0246	0.0246	0.0246	0	0.0246	0.0246	0.0246	0.0246	0.0246	0.0246	0.0246	0.0246	0.0246	0.0246	0.0246	0.0246	0.0246	0.0369	0.0246	0.0246	0.0246	0.0246	0.0246	0.0246	0.0245	0.0246	0.0245	0.0246	0.0246	0.0246
  O	0.0301	0.0253	0.0253	0.0358	0.0253	0.0252	0.0253	0.0253	0.0253	0.0252	0.0253	0.0253	0.0253	0.0253	0	0.0253	0.0253	0.0302	0.0253	0.0253	0.0253	0.0253	0.0253	0.0253	0.0253	0.0253	0.0252	0.0252	0.0253	0.0253	0.0253	0.0253	0.0253	0.0253	0.0252	0.0253	0.0252	0.0253	0.0253	0.0253
  P	0.0244	0.0244	0.0244	0.0244	0.0244	0.0243	0.0244	0.0244	0.0244	0.0243	0.0244	0.0244	0.0244	0.0244	0.0244	0	0.0244	0.0244	0.0244	0.0244	0.0244	0.0244	0.0244	0.0244	0.0244	0.0244	0.0243	0.0243	0.0244	0.0244	0.0244	0.0244	0.0244	0.0244	0.0365	0.0244	0.0243	0.0244	0.0244	0.0244
  Q	0.0252	0.0252	0.0252	0.0252	0.0252	0.0252	0.0252	0.0252	0.0252	0.0252	0.0254	0.0252	0.0252	0.0252	0.0252	0.0252	0	0.0252	0.0252	0.0252	0.0252	0.0252	0.0252	0.0252	0.0252	0.0252	0.0252	0.0252	0.0252	0.0252	0.0252	0.0252	0.0252	0.0379	0.0252	0.0252	0.0252	0.0253	0.0252	0.0252
  R	0.0328	0.0231	0.0231	0.0281	0.0231	0.0346	0.0231	0.0231	0.0231	0.0231	0.0231	0.0231	0.0231	0.0231	0.0276	0.0231	0.0231	0	0.0231	0.0231	0.0231	0.0231	0.0231	0.0231	0.0231	0.0231	0.0231	0.0231	0.0231	0.0231	0.0231	0.0231	0.0231	0.0231	0.0347	0.0231	0.023	0.0231	0.0231	0.0232
  S	0.0246	0.0246	0.0246	0.0246	0.0246	0.0245	0.0246	0.0246	0.0246	0.0246	0.0246	0.0246	0.0246	0.0246	0.0246	0.0246	0.0246	0.0246	0	0.0246	0.0246	0.0246	0.0246	0.0246	0.0246	0.0246	0.0369	0.0618	0.0246	0.0246	0.0246	0.0246	0.0246	0.0246	0.0245	0.0246	0.0245	0.0246	0.0246	0.0246
  T	0.0244	0.0244	0.0244	0.0244	0.0244	0.0365	0.0244	0.0244	0.0244	0.0615	0.029	0.047	0.0244	0.0244	0.0244	0.0244	0.0244	0.0244	0.0244	0	0.0244	0.0244	0.0244	0.0244	0.0244	0.0244	0.0244	0.0244	0.0244	0.0244	0.0244	0.0244	0.0244	0.0244	0.0244	0.0244	0.0244	0.0244	0.0245	0.0244
  U	0.0194	0.0194	0.0194	0.0194	0.0194	0.0194	0.0194	0.0194	0.0194	0.0194	0.0248	0.0194	0.0194	0.0194	0.0194	0.0194	0.0194	0.0194	0.0194	0.0194	0	0.0194	0.0194	0.0194	0.0194	0.0194	0.0691	0.135	0.0194	0.0194	0.0194	0.0194	0.0194	0.0194	0.0194	0.0194	0.0573	0.0194	0.0194	0.0194
  V	0.0246	0.0246	0.0246	0.0246	0.0246	0.0245	0.0246	0.0246	0.0246	0.0246	0.0246	0.0246	0.0246	0.0246	0.0246	0.0246	0.0246	0.0246	0.0246	0.0246	0.0246	0	0.0246	0.0246	0.037	0.0246	0.0246	0.0246	0.0246	0.0246	0.0246	0.036	0.0246	0.0246	0.0363	0.0246	0.0246	0.0246	0.0246	0.0246
  W	0.0251	0.0251	0.0251	0.0251	0.0251	0.025	0.0251	0.0251	0.0251	0.0251	0.0251	0.0597	0.0251	0.0251	0.0251	0.0251	0.0251	0.0251	0.0251	0.0251	0.0251	0.0251	0	0.0251	0.0251	0.0251	0.0251	0.0251	0.0251	0.0251	0.0251	0.0251	0.0251	0.0251	0.0251	0.0251	0.0315	0.0251	0.0251	0.0251
  X	0.0249	0.0249	0.025	0.025	0.0249	0.0248	0.0249	0.0249	0.0249	0.0249	0.0249	0.0374	0.0249	0.0249	0.025	0.0249	0.0249	0.0249	0.0249	0.025	0.0249	0.0249	0.0249	0	0.0249	0.0249	0.0249	0.0249	0.0249	0.0249	0.0249	0.025	0.0249	0.0249	0.0249	0.025	0.0249	0.0249	0.025	0.0249
  Y	0.0252	0.0252	0.0252	0.0252	0.0252	0.0251	0.0252	0.0252	0.0252	0.0252	0.0252	0.0252	0.0252	0.0252	0.0252	0.0252	0.0252	0.0252	0.0252	0.0252	0.0252	0.0379	0.0252	0.0252	0	0.0252	0.0252	0.0252	0.0252	0.0252	0.0252	0.0252	0.0252	0.0252	0.0252	0.0252	0.0252	0.0252	0.0252	0.0252
  Z	0.0233	0.0233	0.0233	0.0233	0.0233	0.0232	0.0233	0.0233	0.0233	0.0349	0.0233	0.0233	0.0233	0.0233	0.0233	0.0233	0.0233	0.0233	0.0233	0.0233	0.0233	0.0233	0.0233	0.0233	0.0233	0	0.0351	0.0233	0.0233	0.0233	0.0233	0.0233	0.0233	0.0233	0.0233	0.0233	0.0351	0.0233	0.0233	0.0233
  [	0.023	0.023	0.023	0.023	0.023	0.0274	0.023	0.023	0.023	0.0231	0.023	0.023	0.023	0.023	0.023	0.023	0.023	0.023	0.0346	0.023	0.0821	0.023	0.023	0.023	0.023	0.0347	0	0.1	0.023	0.023	0.023	0.023	0.023	0.023	0.023	0.023	0.0563	0.023	0.023	0.023
  \	0.0211	0.0211	0.0211	0.0211	0.0211	0.0353	0.0211	0.0211	0.0211	0.0211	0.0269	0.0211	0.0211	0.0317	0.0211	0.0211	0.0211	0.0211	0.053	0.0211	0.1469	0.0211	0.0211	0.0211	0.0211	0.0211	0.0916	0	0.0211	0.0211	0.0211	0.0211	0.0211	0.0211	0.021	0.0211	0.0429	0.0211	0.0211	0.0211
  ]	0.0248	0.0248	0.0248	0.0248	0.0248	0.0247	0.0248	0.0248	0.0248	0.0372	0.0248	0.0248	0.0248	0.0248	0.0248	0.0248	0.0248	0.0248	0.0248	0.0248	0.0248	0.0248	0.0248	0.0248	0.0248	0.0248	0.0248	0.0247	0	0.0248	0.0248	0.0248	0.0248	0.0248	0.0247	0.0248	0.0248	0.0248	0.0248	0.0248
  ^	0.0247	0.0247	0.0247	0.0247	0.0247	0.0246	0.0247	0.0247	0.0247	0.0371	0.0247	0.0247	0.0247	0.0247	0.0247	0.0247	0.0247	0.0247	0.0247	0.0247	0.0247	0.0247	0.0247	0.0247	0.0247	0.0247	0.0247	0.0247	0.0247	0	0.0247	0.0247	0.0247	0.0247	0.0247	0.0247	0.0247	0.0247	0.0247	0.0247
  _	0.0237	0.0237	0.0237	0.0237	0.0237	0.0355	0.0237	0.0237	0.0237	0.0237	0.0237	0.0237	0.0237	0.0237	0.0237	0.0237	0.0237	0.0237	0.0237	0.0237	0.0237	0.0237	0.0237	0.0237	0.0237	0.0237	0.0237	0.0237	0.0237	0.0237	0	0.0237	0.0237	0.0237	0.0237	0.0237	0.0237	0.0237	0.0237	0.0237
  `	0.0251	0.0251	0.0251	0.0251	0.0251	0.0249	0.0251	0.0251	0.0251	0.025	0.025	0.025	0.0251	0.0251	0.0251	0.0251	0.0251	0.0251	0.0251	0.0251	0.025	0.0366	0.0251	0.0251	0.0251	0.0251	0.025	0.025	0.0251	0.0251	0.0251	0	0.025	0.0251	0.0274	0.0251	0.025	0.0251	0.0251	0.0251
  a	0.0241	0.0241	0.0241	0.0241	0.0241	0.036	0.0241	0.0241	0.0241	0.024	0.0241	0.0241	0.0241	0.0241	0.0241	0.0241	0.0241	0.0241	0.0241	0.0241	0.0241	0.0241	0.0241	0.0241	0.0241	0.0241	0.0241	0.024	0.0241	0.0241	0.0241	0.0241	0	0.0241	0.0361	0.0241	0.024	0.0241	0.0241	0.0241
  b	0.0225	0.0225	0.0225	0.0225	0.0225	0.0449	0.0225	0.0225	0.0225	0.0225	0.0339	0.0225	0.0225	0.0225	0.0225	0.0225	0.0339	0.0225	0.0225	0.0225	0.0225	0.0225	0.0225	0.0225	0.0225	0.0225	0.0225	0.0225	0.0225	0.0225	0.0225	0.0225	0.0225	0	0.0225	0.0225	0.0225	0.0338	0.0225	0.0225
  c	0.0264	0.0264	0.0264	0.0265	0.0397	0.0263	0.0401	0.0264	0.0399	0.0264	0.0264	0.0264	0.0264	0.0264	0.0265	0.0397	0.0264	0.0398	0.0264	0.0264	0.0264	0.0391	0.0264	0.0264	0.0265	0.0264	0.0264	0.0264	0.0264	0.0264	0.0264	0.029	0.0397	0.0264	0	0.0264	0.0264	0.0264	0.0265	0.0398
  d	0.0242	0.0242	0.0334	0.0243	0.0242	0.0325	0.0242	0.0242	0.0242	0.0242	0.0242	0.0242	0.0242	0.0242	0.0243	0.0242	0.0242	0.0242	0.0242	0.0242	0.0242	0.0242	0.0242	0.0242	0.0242	0.0242	0.0242	0.0242	0.0242	0.0242	0.0242	0.0243	0.0242	0.0242	0.0242	0	0.0242	0.0242	0.0243	0.0242
  e	0.0247	0.0247	0.0247	0.0247	0.0247	0.0765	0.0247	0.0247	0.0247	0.0372	0.042	0.0841	0.0247	0.0247	0.0247	0.0247	0.0247	0.0247	0.0247	0.0247	0.073	0.0247	0.031	0.0247	0.0247	0.0372	0.0604	0.0503	0.0247	0.0247	0.0247	0.0247	0.0247	0.0247	0.0246	0.0247	0	0.0371	0.0247	0.0247
  f	0.0249	0.0249	0.0249	0.0249	0.0249	0.025	0.0249	0.0249	0.0249	0.0249	0.025	0.0249	0.0249	0.0249	0.0249	0.0249	0.0249	0.0249	0.0249	0.0249	0.0249	0.0249	0.0249	0.0249	0.0249	0.0249	0.0249	0.0249	0.0249	0.0249	0.0249	0.0249	0.0249	0.0374	0.0249	0.0249	0.0373	0	0.0249	0.0249
  g	0.0228	0.0228	0.0228	0.0228	0.0228	0.0522	0.0228	0.0228	0.0501	0.0342	0.0289	0.0305	0.0228	0.0228	0.0228	0.0228	0.0228	0.0228	0.0228	0.0229	0.0228	0.0228	0.0228	0.0228	0.0228	0.0228	0.0228	0.0228	0.0228	0.0228	0.0228	0.0228	0.0228	0.0228	0.0227	0.0228	0.0228	0.0228	0	0.0228
  h	0.0244	0.0244	0.0245	0.0245	0.0244	0.0243	0.0244	0.0244	0.0244	0.0244	0.0244	0.0244	0.0244	0.0244	0.0245	0.0244	0.0244	0.0245	0.0244	0.0244	0.0244	0.0245	0.0244	0.0244	0.0244	0.0244	0.0244	0.0244	0.0244	0.0244	0.0244	0.0245	0.0244	0.0244	0.0367	0.0245	0.0244	0.0244	0.0245	0
